4.771212547196624354e-01
4.771212547196624354e-01
4.771212547196624354e-01
4.771212547196624354e-01
4.771212547196624354e-01
4.771212547196624354e-01
7.781512503836436334e-01
9.542425094393248708e-01
7.781512503836436334e-01
7.781512503836436334e-01
1.079181246047624887e+00
4.771212547196624354e-01
4.771212547196624354e-01
7.781512503836436334e-01
1.176091259055681348e+00
7.781512503836436334e-01
1.176091259055681348e+00
4.771212547196624354e-01
1.838849090737255221e+00
1.623249290397900557e+00
1.079181246047624887e+00
1.799340549453581684e+00
1.875061263391700095e+00
1.707570176097936265e+00
1.176091259055681348e+00
1.431363764158987362e+00
1.556302500767287267e+00
2.797267540830716381e+00
9.542425094393248708e-01
7.781512503836436334e-01
3.033423755486949869e+00
3.624797578960761157e+00
3.282622112878062381e+00
1.477121254719662380e+00
